1	2	4
1	3	5
1	4	6
1	5	1
1	6	2
1	7	3
2	8	4
2	9	5
2	3	6
2	1	1
2	7	2
2	19	3
3	9	4
3	10	5
3	11	6
3	4	1
3	1	2
3	2	3
4	3	4
4	11	5
4	12	6
4	13	1
4	5	2
4	1	3
5	1	4
5	4	5
5	13	6
5	14	1
5	15	2
5	6	3
6	7	4
6	1	5
6	5	6
6	15	1
6	16	2
6	17	3
7	19	4
7	2	5
7	1	6
7	6	1
7	17	2
7	18	3
8	20	4
8	21	5
8	9	6
8	2	1
8	19	2
8	37	3
9	21	4
9	22	5
9	10	6
9	3	1
9	2	2
9	8	3
10	22	4
10	23	5
10	24	6
10	11	1
10	3	2
10	9	3
11	10	4
11	24	5
11	25	6
11	12	1
11	4	2
11	3	3
12	11	4
12	25	5
12	26	6
12	27	1
12	13	2
12	4	3
13	4	4
13	12	5
13	27	6
13	28	1
13	14	2
13	5	3
14	5	4
14	13	5
14	28	6
14	29	1
14	30	2
14	15	3
15	6	4
15	5	5
15	14	6
15	30	1
15	31	2
15	16	3
16	17	4
16	6	5
16	15	6
16	31	1
16	32	2
16	33	3
17	18	4
17	7	5
17	6	6
17	16	1
17	33	2
17	34	3
18	36	4
18	19	5
18	7	6
18	17	1
18	34	2
18	35	3
19	37	4
19	8	5
19	2	6
19	7	1
19	18	2
19	36	3
20	38	4
20	39	5
20	21	6
20	8	1
20	37	2
20	61	3
21	39	4
21	40	5
21	22	6
21	9	1
21	8	2
21	20	3
22	40	4
22	41	5
22	23	6
22	10	1
22	9	2
22	21	3
23	41	4
23	42	5
23	43	6
23	24	1
23	10	2
23	22	3
24	23	4
24	43	5
24	44	6
24	25	1
24	11	2
24	10	3
25	24	4
25	44	5
25	45	6
25	26	1
25	12	2
25	11	3
26	25	4
26	45	5
26	46	6
26	47	1
26	27	2
26	12	3
27	12	4
27	26	5
27	47	6
27	48	1
27	28	2
27	13	3
28	13	4
28	27	5
28	48	6
28	49	1
28	29	2
28	14	3
29	14	4
29	28	5
29	49	6
29	50	1
29	51	2
29	30	3
30	15	4
30	14	5
30	29	6
30	51	1
30	52	2
30	31	3
31	16	4
31	15	5
31	30	6
31	52	1
31	53	2
31	32	3
32	33	4
32	16	5
32	31	6
32	53	1
32	54	2
32	55	3
33	34	4
33	17	5
33	16	6
33	32	1
33	55	2
33	56	3
34	35	4
34	18	5
34	17	6
34	33	1
34	56	2
34	57	3
35	59	4
35	36	5
35	18	6
35	34	1
35	57	2
35	58	3
36	60	4
36	37	5
36	19	6
36	18	1
36	35	2
36	59	3
37	61	4
37	20	5
37	8	6
37	19	1
37	36	2
37	60	3
38	62	4
38	63	5
38	39	6
38	20	1
38	61	2
38	91	3
39	63	4
39	64	5
39	40	6
39	21	1
39	20	2
39	38	3
40	64	4
40	65	5
40	41	6
40	22	1
40	21	2
40	39	3
41	65	4
41	66	5
41	42	6
41	23	1
41	22	2
41	40	3
42	66	4
42	67	5
42	68	6
42	43	1
42	23	2
42	41	3
43	42	4
43	68	5
43	69	6
43	44	1
43	24	2
43	23	3
44	43	4
44	69	5
44	70	6
44	45	1
44	25	2
44	24	3
45	44	4
45	70	5
45	71	6
45	46	1
45	26	2
45	25	3
46	45	4
46	71	5
46	72	6
46	73	1
46	47	2
46	26	3
47	26	4
47	46	5
47	73	6
47	74	1
47	48	2
47	27	3
48	27	4
48	47	5
48	74	6
48	75	1
48	49	2
48	28	3
49	28	4
49	48	5
49	75	6
49	76	1
49	50	2
49	29	3
50	29	4
50	49	5
50	76	6
50	77	1
50	78	2
50	51	3
51	30	4
51	29	5
51	50	6
51	78	1
51	79	2
51	52	3
52	31	4
52	30	5
52	51	6
52	79	1
52	80	2
52	53	3
53	32	4
53	31	5
53	52	6
53	80	1
53	81	2
53	54	3
54	55	4
54	32	5
54	53	6
54	81	1
54	82	2
54	83	3
55	56	4
55	33	5
55	32	6
55	54	1
55	83	2
55	84	3
56	57	4
56	34	5
56	33	6
56	55	1
56	84	2
56	85	3
57	58	4
57	35	5
57	34	6
57	56	1
57	85	2
57	86	3
58	88	4
58	59	5
58	35	6
58	57	1
58	86	2
58	87	3
59	89	4
59	60	5
59	36	6
59	35	1
59	58	2
59	88	3
60	90	4
60	61	5
60	37	6
60	36	1
60	59	2
60	89	3
61	91	4
61	38	5
61	20	6
61	37	1
61	60	2
61	90	3
62	92	4
62	93	5
62	63	6
62	38	1
62	91	2
62	127	3
63	93	4
63	94	5
63	64	6
63	39	1
63	38	2
63	62	3
64	94	4
64	95	5
64	65	6
64	40	1
64	39	2
64	63	3
65	95	4
65	96	5
65	66	6
65	41	1
65	40	2
65	64	3
66	96	4
66	97	5
66	67	6
66	42	1
66	41	2
66	65	3
67	97	4
67	98	5
67	99	6
67	68	1
67	42	2
67	66	3
68	67	4
68	99	5
68	100	6
68	69	1
68	43	2
68	42	3
69	68	4
69	100	5
69	101	6
69	70	1
69	44	2
69	43	3
70	69	4
70	101	5
70	102	6
70	71	1
70	45	2
70	44	3
71	70	4
71	102	5
71	103	6
71	72	1
71	46	2
71	45	3
72	71	4
72	103	5
72	104	6
72	105	1
72	73	2
72	46	3
73	46	4
73	72	5
73	105	6
73	106	1
73	74	2
73	47	3
74	47	4
74	73	5
74	106	6
74	107	1
74	75	2
74	48	3
75	48	4
75	74	5
75	107	6
75	108	1
75	76	2
75	49	3
76	49	4
76	75	5
76	108	6
76	109	1
76	77	2
76	50	3
77	50	4
77	76	5
77	109	6
77	110	1
77	111	2
77	78	3
78	51	4
78	50	5
78	77	6
78	111	1
78	112	2
78	79	3
79	52	4
79	51	5
79	78	6
79	112	1
79	113	2
79	80	3
80	53	4
80	52	5
80	79	6
80	113	1
80	114	2
80	81	3
81	54	4
81	53	5
81	80	6
81	114	1
81	115	2
81	82	3
82	83	4
82	54	5
82	81	6
82	115	1
82	116	2
82	117	3
83	84	4
83	55	5
83	54	6
83	82	1
83	117	2
83	118	3
84	85	4
84	56	5
84	55	6
84	83	1
84	118	2
84	119	3
85	86	4
85	57	5
85	56	6
85	84	1
85	119	2
85	120	3
86	87	4
86	58	5
86	57	6
86	85	1
86	120	2
86	121	3
87	123	4
87	88	5
87	58	6
87	86	1
87	121	2
87	122	3
88	124	4
88	89	5
88	59	6
88	58	1
88	87	2
88	123	3
89	125	4
89	90	5
89	60	6
89	59	1
89	88	2
89	124	3
90	126	4
90	91	5
90	61	6
90	60	1
90	89	2
90	125	3
91	127	4
91	62	5
91	38	6
91	61	1
91	90	2
91	126	3
92	128	4
92	129	5
92	93	6
92	62	1
92	127	2
92	169	3
93	129	4
93	130	5
93	94	6
93	63	1
93	62	2
93	92	3
94	130	4
94	131	5
94	95	6
94	64	1
94	63	2
94	93	3
95	131	4
95	132	5
95	96	6
95	65	1
95	64	2
95	94	3
96	132	4
96	133	5
96	97	6
96	66	1
96	65	2
96	95	3
97	133	4
97	134	5
97	98	6
97	67	1
97	66	2
97	96	3
98	134	4
98	135	5
98	136	6
98	99	1
98	67	2
98	97	3
99	98	4
99	136	5
99	137	6
99	100	1
99	68	2
99	67	3
100	99	4
100	137	5
100	138	6
100	101	1
100	69	2
100	68	3
101	100	4
101	138	5
101	139	6
101	102	1
101	70	2
101	69	3
102	101	4
102	139	5
102	140	6
102	103	1
102	71	2
102	70	3
103	102	4
103	140	5
103	141	6
103	104	1
103	72	2
103	71	3
104	103	4
104	141	5
104	142	6
104	143	1
104	105	2
104	72	3
105	72	4
105	104	5
105	143	6
105	144	1
105	106	2
105	73	3
106	73	4
106	105	5
106	144	6
106	145	1
106	107	2
106	74	3
107	74	4
107	106	5
107	145	6
107	146	1
107	108	2
107	75	3
108	75	4
108	107	5
108	146	6
108	147	1
108	109	2
108	76	3
109	76	4
109	108	5
109	147	6
109	148	1
109	110	2
109	77	3
110	77	4
110	109	5
110	148	6
110	149	1
110	150	2
110	111	3
111	78	4
111	77	5
111	110	6
111	150	1
111	151	2
111	112	3
112	79	4
112	78	5
112	111	6
112	151	1
112	152	2
112	113	3
113	80	4
113	79	5
113	112	6
113	152	1
113	153	2
113	114	3
114	81	4
114	80	5
114	113	6
114	153	1
114	154	2
114	115	3
115	82	4
115	81	5
115	114	6
115	154	1
115	155	2
115	116	3
116	117	4
116	82	5
116	115	6
116	155	1
116	156	2
116	157	3
117	118	4
117	83	5
117	82	6
117	116	1
117	157	2
117	158	3
118	119	4
118	84	5
118	83	6
118	117	1
118	158	2
118	159	3
119	120	4
119	85	5
119	84	6
119	118	1
119	159	2
119	160	3
120	121	4
120	86	5
120	85	6
120	119	1
120	160	2
120	161	3
121	122	4
121	87	5
121	86	6
121	120	1
121	161	2
121	162	3
122	164	4
122	123	5
122	87	6
122	121	1
122	162	2
122	163	3
123	165	4
123	124	5
123	88	6
123	87	1
123	122	2
123	164	3
124	166	4
124	125	5
124	89	6
124	88	1
124	123	2
124	165	3
125	167	4
125	126	5
125	90	6
125	89	1
125	124	2
125	166	3
126	168	4
126	127	5
126	91	6
126	90	1
126	125	2
126	167	3
127	169	4
127	92	5
127	62	6
127	91	1
127	126	2
127	168	3
128	170	4
128	171	5
128	129	6
128	92	1
128	169	2
128	217	3
129	171	4
129	172	5
129	130	6
129	93	1
129	92	2
129	128	3
130	172	4
130	173	5
130	131	6
130	94	1
130	93	2
130	129	3
131	173	4
131	174	5
131	132	6
131	95	1
131	94	2
131	130	3
132	174	4
132	175	5
132	133	6
132	96	1
132	95	2
132	131	3
133	175	4
133	176	5
133	134	6
133	97	1
133	96	2
133	132	3
134	176	4
134	177	5
134	135	6
134	98	1
134	97	2
134	133	3
135	177	4
135	178	5
135	179	6
135	136	1
135	98	2
135	134	3
136	135	4
136	179	5
136	180	6
136	137	1
136	99	2
136	98	3
137	136	4
137	180	5
137	181	6
137	138	1
137	100	2
137	99	3
138	137	4
138	181	5
138	182	6
138	139	1
138	101	2
138	100	3
139	138	4
139	182	5
139	183	6
139	140	1
139	102	2
139	101	3
140	139	4
140	183	5
140	184	6
140	141	1
140	103	2
140	102	3
141	140	4
141	184	5
141	185	6
141	142	1
141	104	2
141	103	3
142	141	4
142	185	5
142	186	6
142	187	1
142	143	2
142	104	3
143	104	4
143	142	5
143	187	6
143	188	1
143	144	2
143	105	3
144	105	4
144	143	5
144	188	6
144	189	1
144	145	2
144	106	3
145	106	4
145	144	5
145	189	6
145	190	1
145	146	2
145	107	3
146	107	4
146	145	5
146	190	6
146	191	1
146	147	2
146	108	3
147	108	4
147	146	5
147	191	6
147	192	1
147	148	2
147	109	3
148	109	4
148	147	5
148	192	6
148	193	1
148	149	2
148	110	3
149	110	4
149	148	5
149	193	6
149	194	1
149	195	2
149	150	3
150	111	4
150	110	5
150	149	6
150	195	1
150	196	2
150	151	3
151	112	4
151	111	5
151	150	6
151	196	1
151	197	2
151	152	3
152	113	4
152	112	5
152	151	6
152	197	1
152	198	2
152	153	3
153	114	4
153	113	5
153	152	6
153	198	1
153	199	2
153	154	3
154	115	4
154	114	5
154	153	6
154	199	1
154	200	2
154	155	3
155	116	4
155	115	5
155	154	6
155	200	1
155	201	2
155	156	3
156	157	4
156	116	5
156	155	6
156	201	1
156	202	2
156	203	3
157	158	4
157	117	5
157	116	6
157	156	1
157	203	2
157	204	3
158	159	4
158	118	5
158	117	6
158	157	1
158	204	2
158	205	3
159	160	4
159	119	5
159	118	6
159	158	1
159	205	2
159	206	3
160	161	4
160	120	5
160	119	6
160	159	1
160	206	2
160	207	3
161	162	4
161	121	5
161	120	6
161	160	1
161	207	2
161	208	3
162	163	4
162	122	5
162	121	6
162	161	1
162	208	2
162	209	3
163	211	4
163	164	5
163	122	6
163	162	1
163	209	2
163	210	3
164	212	4
164	165	5
164	123	6
164	122	1
164	163	2
164	211	3
165	213	4
165	166	5
165	124	6
165	123	1
165	164	2
165	212	3
166	214	4
166	167	5
166	125	6
166	124	1
166	165	2
166	213	3
167	215	4
167	168	5
167	126	6
167	125	1
167	166	2
167	214	3
168	216	4
168	169	5
168	127	6
168	126	1
168	167	2
168	215	3
169	217	4
169	128	5
169	92	6
169	127	1
169	168	2
169	216	3
170	218	4
170	219	5
170	171	6
170	128	1
170	217	2
170	271	3
171	219	4
171	220	5
171	172	6
171	129	1
171	128	2
171	170	3
172	220	4
172	221	5
172	173	6
172	130	1
172	129	2
172	171	3
173	221	4
173	222	5
173	174	6
173	131	1
173	130	2
173	172	3
174	222	4
174	223	5
174	175	6
174	132	1
174	131	2
174	173	3
175	223	4
175	224	5
175	176	6
175	133	1
175	132	2
175	174	3
176	224	4
176	225	5
176	177	6
176	134	1
176	133	2
176	175	3
177	225	4
177	226	5
177	178	6
177	135	1
177	134	2
177	176	3
178	226	4
178	227	5
178	228	6
178	179	1
178	135	2
178	177	3
179	178	4
179	228	5
179	229	6
179	180	1
179	136	2
179	135	3
180	179	4
180	229	5
180	230	6
180	181	1
180	137	2
180	136	3
181	180	4
181	230	5
181	231	6
181	182	1
181	138	2
181	137	3
182	181	4
182	231	5
182	232	6
182	183	1
182	139	2
182	138	3
183	182	4
183	232	5
183	233	6
183	184	1
183	140	2
183	139	3
184	183	4
184	233	5
184	234	6
184	185	1
184	141	2
184	140	3
185	184	4
185	234	5
185	235	6
185	186	1
185	142	2
185	141	3
186	185	4
186	235	5
186	236	6
186	237	1
186	187	2
186	142	3
187	142	4
187	186	5
187	237	6
187	238	1
187	188	2
187	143	3
188	143	4
188	187	5
188	238	6
188	239	1
188	189	2
188	144	3
189	144	4
189	188	5
189	239	6
189	240	1
189	190	2
189	145	3
190	145	4
190	189	5
190	240	6
190	241	1
190	191	2
190	146	3
191	146	4
191	190	5
191	241	6
191	242	1
191	192	2
191	147	3
192	147	4
192	191	5
192	242	6
192	243	1
192	193	2
192	148	3
193	148	4
193	192	5
193	243	6
193	244	1
193	194	2
193	149	3
194	149	4
194	193	5
194	244	6
194	245	1
194	246	2
194	195	3
195	150	4
195	149	5
195	194	6
195	246	1
195	247	2
195	196	3
196	151	4
196	150	5
196	195	6
196	247	1
196	248	2
196	197	3
197	152	4
197	151	5
197	196	6
197	248	1
197	249	2
197	198	3
198	153	4
198	152	5
198	197	6
198	249	1
198	250	2
198	199	3
199	154	4
199	153	5
199	198	6
199	250	1
199	251	2
199	200	3
200	155	4
200	154	5
200	199	6
200	251	1
200	252	2
200	201	3
201	156	4
201	155	5
201	200	6
201	252	1
201	253	2
201	202	3
202	203	4
202	156	5
202	201	6
202	253	1
202	254	2
202	255	3
203	204	4
203	157	5
203	156	6
203	202	1
203	255	2
203	256	3
204	205	4
204	158	5
204	157	6
204	203	1
204	256	2
204	257	3
205	206	4
205	159	5
205	158	6
205	204	1
205	257	2
205	258	3
206	207	4
206	160	5
206	159	6
206	205	1
206	258	2
206	259	3
207	208	4
207	161	5
207	160	6
207	206	1
207	259	2
207	260	3
208	209	4
208	162	5
208	161	6
208	207	1
208	260	2
208	261	3
209	210	4
209	163	5
209	162	6
209	208	1
209	261	2
209	262	3
210	264	4
210	211	5
210	163	6
210	209	1
210	262	2
210	263	3
211	265	4
211	212	5
211	164	6
211	163	1
211	210	2
211	264	3
212	266	4
212	213	5
212	165	6
212	164	1
212	211	2
212	265	3
213	267	4
213	214	5
213	166	6
213	165	1
213	212	2
213	266	3
214	268	4
214	215	5
214	167	6
214	166	1
214	213	2
214	267	3
215	269	4
215	216	5
215	168	6
215	167	1
215	214	2
215	268	3
216	270	4
216	217	5
216	169	6
216	168	1
216	215	2
216	269	3
217	271	4
217	170	5
217	128	6
217	169	1
217	216	2
217	270	3
218	272	4
218	273	5
218	219	6
218	170	1
218	271	2
218	331	3
219	273	4
219	274	5
219	220	6
219	171	1
219	170	2
219	218	3
220	274	4
220	275	5
220	221	6
220	172	1
220	171	2
220	219	3
221	275	4
221	276	5
221	222	6
221	173	1
221	172	2
221	220	3
222	276	4
222	277	5
222	223	6
222	174	1
222	173	2
222	221	3
223	277	4
223	278	5
223	224	6
223	175	1
223	174	2
223	222	3
224	278	4
224	279	5
224	225	6
224	176	1
224	175	2
224	223	3
225	279	4
225	280	5
225	226	6
225	177	1
225	176	2
225	224	3
226	280	4
226	281	5
226	227	6
226	178	1
226	177	2
226	225	3
227	281	4
227	282	5
227	283	6
227	228	1
227	178	2
227	226	3
228	227	4
228	283	5
228	284	6
228	229	1
228	179	2
228	178	3
229	228	4
229	284	5
229	285	6
229	230	1
229	180	2
229	179	3
230	229	4
230	285	5
230	286	6
230	231	1
230	181	2
230	180	3
231	230	4
231	286	5
231	287	6
231	232	1
231	182	2
231	181	3
232	231	4
232	287	5
232	288	6
232	233	1
232	183	2
232	182	3
233	232	4
233	288	5
233	289	6
233	234	1
233	184	2
233	183	3
234	233	4
234	289	5
234	290	6
234	235	1
234	185	2
234	184	3
235	234	4
235	290	5
235	291	6
235	236	1
235	186	2
235	185	3
236	235	4
236	291	5
236	292	6
236	293	1
236	237	2
236	186	3
237	186	4
237	236	5
237	293	6
237	294	1
237	238	2
237	187	3
238	187	4
238	237	5
238	294	6
238	295	1
238	239	2
238	188	3
239	188	4
239	238	5
239	295	6
239	296	1
239	240	2
239	189	3
240	189	4
240	239	5
240	296	6
240	297	1
240	241	2
240	190	3
241	190	4
241	240	5
241	297	6
241	298	1
241	242	2
241	191	3
242	191	4
242	241	5
242	298	6
242	299	1
242	243	2
242	192	3
243	192	4
243	242	5
243	299	6
243	300	1
243	244	2
243	193	3
244	193	4
244	243	5
244	300	6
244	301	1
244	245	2
244	194	3
245	194	4
245	244	5
245	301	6
245	302	1
245	303	2
245	246	3
246	195	4
246	194	5
246	245	6
246	303	1
246	304	2
246	247	3
247	196	4
247	195	5
247	246	6
247	304	1
247	305	2
247	248	3
248	197	4
248	196	5
248	247	6
248	305	1
248	306	2
248	249	3
249	198	4
249	197	5
249	248	6
249	306	1
249	307	2
249	250	3
250	199	4
250	198	5
250	249	6
250	307	1
250	308	2
250	251	3
251	200	4
251	199	5
251	250	6
251	308	1
251	309	2
251	252	3
252	201	4
252	200	5
252	251	6
252	309	1
252	310	2
252	253	3
253	202	4
253	201	5
253	252	6
253	310	1
253	311	2
253	254	3
254	255	4
254	202	5
254	253	6
254	311	1
254	312	2
254	313	3
255	256	4
255	203	5
255	202	6
255	254	1
255	313	2
255	314	3
256	257	4
256	204	5
256	203	6
256	255	1
256	314	2
256	315	3
257	258	4
257	205	5
257	204	6
257	256	1
257	315	2
257	316	3
258	259	4
258	206	5
258	205	6
258	257	1
258	316	2
258	317	3
259	260	4
259	207	5
259	206	6
259	258	1
259	317	2
259	318	3
260	261	4
260	208	5
260	207	6
260	259	1
260	318	2
260	319	3
261	262	4
261	209	5
261	208	6
261	260	1
261	319	2
261	320	3
262	263	4
262	210	5
262	209	6
262	261	1
262	320	2
262	321	3
263	323	4
263	264	5
263	210	6
263	262	1
263	321	2
263	322	3
264	324	4
264	265	5
264	211	6
264	210	1
264	263	2
264	323	3
265	325	4
265	266	5
265	212	6
265	211	1
265	264	2
265	324	3
266	326	4
266	267	5
266	213	6
266	212	1
266	265	2
266	325	3
267	327	4
267	268	5
267	214	6
267	213	1
267	266	2
267	326	3
268	328	4
268	269	5
268	215	6
268	214	1
268	267	2
268	327	3
269	329	4
269	270	5
269	216	6
269	215	1
269	268	2
269	328	3
270	330	4
270	271	5
270	217	6
270	216	1
270	269	2
270	329	3
271	331	4
271	218	5
271	170	6
271	217	1
271	270	2
271	330	3